1000 9895
266 351
160 950
984 478
208 66
500 382
119 308
554 951
379 171
604 928
895 136
169 953
904 420
924 831
893 414
164 232
305 888
916 715
755 421
367 555
299 699
742 749
873 594
216 363
660 720
666 789
722 889
9 994
336 893
229 647
703 943
146 189
240 160
723 717
668 218
601 233
655 460
291 601
790 621
596 436
942 664
532 744
130 376
41 179
577 1
649 908
927 535
523 935
377 107
288 500
914 344
222 157
44 677
575 923
91 799
328 432
115 584
540 337
788 971
685 317
577 732
135 796
563 865
766 312
583 418
455 237
79 195
639 121
942 199
766 395
987 712
955 72
547 130
287 903
381 104
861 318
221 794
594 155
189 917
903 57
262 195
448 783
673 616
565 554
909 616
414 30
732 13
78 171
599 863
12 621
90 893
266 480
51 842
161 158
162 177
42 651
573 957
143 139
436 903
902 172
685 564
93 923
579 883
365 120
494 476
310 539
235 762
643 701
626 95
917 350
137 192
180 804
583 655
711 346
811 695
987 604
792 548
977 536
947 832
749 52
145 206
164 638
934 78
929 891
668 62
299 581
1000 726
892 476
549 877
293 47
843 989
909 405
748 131
674 762
472 446
240 938
57 928
175 188
144 160
543 211
471 685
193 405
670 897
748 417
253 541
480 231
34 289
556 105
344 918
163 506
145 667
44 431
654 548
303 574
624 381
290 781
693 717
98 524
176 974
486 239
550 932
662 226
385 118
975 409
634 541
263 109
780 857
858 649
498 924
201 510
955 197
522 480
229 424
582 484
286 33
289 771
401 841
932 755
472 78
760 986
100 347
922 535
693 490
402 693
755 33
760 841
85 602
105 372
916 62
792 68
539 328
704 784
746 503
788 377
660 59
664 446
223 317
575 168
123 249
575 57
173 937
9 88
392 80
984 169
125 572
631 989
256 127
939 290
924 150
318 189
13 913
74 641
421 188
684 407
190 891
928 64
285 605
787 775
436 479
516 72
494 717
631 20
100 588
943 392
47 71
947 973
143 720
665 440
205 79
689 646
853 507
247 924
359 326
417 987
202 15
793 608
320 94
800 360
433 337
487 226
288 572
422 666
566 781
278 91
600 5
999 135
265 860
31 881
306 176
895 118
747 532
741 860
27 758
16 101
390 196
853 575
805 956
481 463
368 947
24 671
979 905
126 98
309 642
779 250
629 841
79 296
390 461
926 275
417 353
346 441
110 470
758 662
708 495
305 436
327 947
977 506
742 186
393 857
903 740
694 57
146 515
884 351
578 542
850 795
816 919
820 967
837 559
915 813
807 203
294 595
711 623
108 960
808 918
555 131
132 336
80 33
403 479
977 739
796 286
294 628
674 894
604 739
517 212
591 999
722 658
138 547
35 837
731 736
860 772
352 975
226 1000
352 958
114 565
188 300
761 470
482 49
303 973
460 779
443 710
190 625
434 63
786 296
454 366
936 453
60 69
151 126
135 533
373 58
410 52
598 461
877 858
148 736
738 192
922 907
879 906
637 974
339 119
909 191
433 206
625 645
736 481
74 200
293 234
230 511
33 785
896 674
141 358
549 377
789 458
240 559
849 727
496 953
206 372
686 66
248 42
132 978
277 23
245 643
528 187
628 452
222 896
949 950
608 120
93 736
538 799
741 308
580 246
227 665
917 185
976 907
501 928
329 813
932 922
807 286
497 825
295 74
209 141
68 832
694 948
109 364
418 371
739 525
372 766
356 219
12 831
787 387
91 798
147 32
539 738
106 194
81 356
356 170
912 976
786 825
159 841
173 122
235 490
900 840
378 337
127 808
900 192
526 121
78 810
890 500
734 347
450 853
969 995
293 441
501 262
402 355
576 954
151 188
522 560
654 13
65 177
285 694
630 156
155 214
374 478
28 853
69 356
452 636
839 128
74 10
535 395
900 260
559 1
102 500
636 660
902 458
697 776
849 785
576 247
327 895
486 998
260 241
590 771
819 650
417 606
788 955
767 807
384 385
940 654
334 389
906 522
945 224
102 48
505 970
736 90
755 806
918 812
8 843
779 502
29 715
929 453
784 320
270 719
641 457
807 476
867 917
977 433
216 925
513 55
913 379
771 747
82 742
300 305
485 251
765 194
57 476
294 467
719 598
725 917
119 362
599 956
345 473
398 333
609 904
556 913
61 557
150 966
670 153
85 423
892 25
855 135
397 555
460 517
146 365
123 302
155 729
321 241
437 651
441 712
333 712
415 808
166 74
795 902
268 574
285 632
804 984
991 497
994 314
464 517
856 263
875 485
749 452
198 330
184 388
187 551
648 51
795 164
486 721
681 775
884 461
18 887
40 195
566 932
18 646
991 697
545 767
589 994
884 738
166 609
466 455
982 775
897 647
326 859
239 785
686 11
10 616
447 573
666 661
171 567
439 581
409 974
327 562
600 503
855 422
366 566
993 792
520 664
44 206
990 28
484 389
233 131
586 921
181 483
680 478
722 73
261 603
387 784
615 278
466 779
876 706
849 330
821 707
559 812
513 908
660 85
976 226
993 708
468 238
523 247
686 673
637 141
694 892
76 131
835 450
498 237
383 587
392 194
192 575
523 469
269 405
752 551
806 324
925 143
668 381
29 122
707 257
268 595
469 62
531 47
916 627
479 501
523 691
964 775
454 189
695 913
8 255
190 715
152 491
505 251
213 170
549 768
184 416
408 788
210 608
65 355
514 552
167 571
978 605
163 297
689 534
255 116
340 402
931 721
390 902
27 856
549 243
254 331
623 966
867 528
533 538
747 70
326 872
111 567
330 394
224 153
709 398
754 879
34 406
571 357
2 952
850 212
248 126
391 14
305 201
253 243
418 936
438 47
828 739
708 345
140 669
606 568
600 753
405 434
802 885
824 1000
946 903
842 658
831 482
930 17
595 935
474 618
547 776
657 222
513 793
590 281
96 749
425 489
647 690
480 780
651 695
88 557
414 531
734 932
424 559
556 744
500 954
506 375
969 885
75 502
955 906
227 51
549 706
271 332
442 846
630 407
563 474
104 469
412 310
908 566
946 321
70 841
791 875
151 8
635 365
728 185
247 611
168 80
259 187
339 905
970 45
455 551
701 971
174 53
969 403
182 448
678 453
148 592
719 283
22 121
649 705
690 47
643 628
656 227
379 771
144 294
71 885
715 236
224 899
613 407
662 323
712 952
660 440
845 836
516 804
977 340
280 4
154 613
855 303
732 474
203 652
239 58
721 847
542 847
788 74
858 352
217 536
237 933
95 539
849 35
63 249
855 13
371 995
241 307
593 38
722 450
320 654
617 168
545 475
926 200
747 797
971 481
65 894
63 479
985 867
74 996
968 700
865 832
619 514
190 929
374 130
928 26
639 658
531 521
75 177
692 210
415 597
329 492
471 825
666 565
728 192
813 834
317 147
999 923
888 956
13 186
547 467
402 499
131 51
739 422
5 534
944 782
196 192
800 290
785 50
126 620
164 137
662 664
886 442
102 501
588 528
214 494
206 439
745 711
362 42
106 779
771 726
469 667
842 135
143 862
449 513
478 587
780 81
693 976
82 163
889 849
136 791
966 132
174 307
196 431
439 213
558 405
196 62
642 176
132 838
964 59
21 422
774 300
150 522
746 255
66 583
106 936
17 812
708 972
589 244
772 916
43 208
746 401
506 602
217 741
75 395
129 559
457 66
462 597
925 67
543 660
753 324
89 705
428 684
747 918
569 90
341 943
989 973
833 349
48 999
490 872
161 728
844 123
536 956
834 161
356 429
268 575
948 169
18 997
386 833
299 980
340 8
583 60
826 943
900 362
403 711
207 344
444 62
192 15
430 505
783 575
986 681
59 355
112 246
601 539
995 701
504 128
800 445
912 167
202 459
775 524
888 742
279 349
118 687
391 263
709 280
620 229
895 35
408 501
249 797
529 819
268 161
988 240
149 930
567 140
665 188
404 208
850 128
79 342
337 339
101 266
564 950
747 264
91 940
558 209
884 167
27 481
836 194
732 19
38 644
521 686
509 791
974 451
958 964
172 841
46 982
214 308
197 682
551 847
720 329
114 248
152 293
315 947
418 788
247 308
99 632
419 213
152 340
650 255
506 737
649 359
218 221
511 624
555 54
415 894
731 361
569 118
420 512
114 301
316 977
597 320
288 114
470 366
825 333
882 806
921 910
226 962
389 924
653 639
88 799
553 315
511 807
733 747
501 253
669 707
430 315
1 873
963 503
420 885
222 57
814 413
982 727
752 228
630 197
740 525
634 8
282 229
862 602
360 891
866 999
540 356
175 451
660 679
795 350
121 149
576 554
219 608
550 786
435 716
129 393
210 50
770 434
253 99
220 364
96 162
517 416
140 621
524 185
682 716
266 471
485 161
380 985
241 389
985 518
638 840
472 623
91 135
437 447
590 239
461 265
34 829
199 405
751 920
958 194
484 845
270 192
721 302
904 282
446 385
478 242
359 928
327 390
4 955
23 743
743 830
878 375
39 739
42 133
545 890
415 624
677 365
265 563
14 406
628 876
40 781
402 396
867 192
559 254
541 415
653 837
675 917
967 357
69 929
841 334
678 363
406 46
396 464
98 720
301 461
763 750
230 166
625 705
610 375
776 733
294 709
373 459
376 557
267 466
710 826
107 275
917 372
150 269
335 771
104 555
594 740
896 433
146 816
823 110
920 311
231 707
290 243
103 517
529 694
110 355
1000 189
186 435
647 98
775 169
834 615
20 62
613 217
595 578
816 949
655 834
214 380
786 533
224 428
533 504
402 778
885 789
778 497
17 609
803 542
346 991
461 446
450 945
930 391
525 469
647 550
706 254
797 213
618 914
108 708
105 261
117 562
9 999
139 944
735 844
963 610
491 357
368 488
593 737
13 808
969 626
473 867
943 994
648 25
558 764
858 182
591 666
9 705
954 728
982 684
440 762
1 849
457 311
922 88
10 897
523 984
302 169
161 895
623 795
535 389
352 698
539 78
79 825
245 737
597 956
615 833
49 766
377 217
610 57
314 746
995 529
210 843
608 730
805 784
40 406
296 800
425 604
88 386
235 309
789 492
221 250
349 293
371 358
732 234
589 687
292 923
167 537
738 439
477 385
81 984
392 797
29 600
615 955
363 437
180 932
436 590
698 793
220 421
771 975
370 502
381 214
366 890
936 541
962 517
564 753
824 606
483 17
293 805
24 102
557 196
542 168
980 829
55 571
367 773
686 57
775 290
379 219
897 432
256 312
413 366
34 869
454 538
26 821
336 133
69 881
17 734
90 444
573 446
687 553
260 5
28 105
839 435
306 598
950 840
679 266
355 238
912 619
450 550
647 584
717 548
648 53
729 174
594 575
630 254
580 967
491 252
494 897
723 953
383 611
417 798
144 50
742 36
353 108
596 24
524 781
266 621
638 439
253 907
181 726
866 802
908 3
509 210
844 877
97 464
888 453
10 505
27 525
528 118
984 600
555 847
24 309
847 175
634 536
994 292
903 30
431 873
256 119
702 748
409 671
87 72
368 918
281 597
534 632
561 958
897 412
493 147
167 214
207 933
122 4
668 965
105 411
927 744
327 268
57 216
789 61
601 923
817 758
394 513
52 37
487 918
864 695
4 960
428 800
213 86
584 598
106 746
290 961
278 562
397 384
806 36
790 697
877 335
222 431
829 413
151 881
722 975
249 275
50 356
509 853
749 422
701 195
114 927
615 512
210 606
139 678
47 49
947 127
179 233
348 752
535 348
406 400
465 948
783 530
808 166
738 59
23 153
173 268
77 76
890 638
795 337
486 940
399 879
701 647
832 986
979 29
763 690
656 8
894 136
721 566
331 814
371 205
153 2
174 360
858 761
607 754
976 644
376 804
563 632
710 761
197 986
389 705
441 360
767 657
82 394
550 483
871 910
509 737
552 630
661 60
718 7
557 251
941 348
674 441
436 804
807 375
901 766
417 34
116 972
670 53
695 435
901 271
258 771
171 110
834 760
107 93
593 73
670 215
801 4
360 820
329 171
807 42
632 640
851 990
344 328
623 322
915 125
846 679
904 234
691 738
783 178
472 172
255 739
296 378
886 771
835 579
162 992
62 464
341 263
550 69
735 75
170 870
667 443
482 191
84 223
891 729
395 604
782 920
417 996
201 797
999 249
410 51
763 387
710 142
514 445
438 973
410 162
597 728
295 733
830 646
106 164
343 561
35 224
974 973
315 851
301 93
714 310
110 663
883 405
614 295
906 740
92 272
660 459
24 365
945 987
448 733
729 892
220 369
839 586
867 970
816 72
86 622
113 524
755 567
668 844
982 888
449 514
711 814
972 730
875 89
884 446
428 644
780 721
103 746
87 225
772 577
885 788
635 993
489 547
111 348
427 373
69 924
565 7
754 64
578 434
523 543
468 734
234 920
218 261
860 884
644 313
779 9
359 596
648 139
633 595
902 512
338 721
745 443
341 426
904 996
28 292
801 620
507 527
244 435
18 782
662 559
679 583
113 404
442 578
279 85
579 691
729 194
782 884
785 48
568 704
201 825
85 997
19 648
80 874
641 913
330 793
365 368
723 781
226 463
447 949
504 213
913 336
287 220
165 688
849 679
206 292
671 890
448 539
802 614
31 104
101 288
732 235
45 188
963 457
720 690
152 190
926 366
621 878
493 507
385 264
650 276
707 861
120 353
764 922
157 292
730 742
894 269
337 928
605 693
967 676
324 698
343 142
574 542
512 123
640 32
659 508
540 521
348 308
513 839
18 287
668 485
691 572
747 904
380 343
401 318
424 745
762 619
9 945
714 758
844 117
631 159
946 549
179 494
431 815
166 216
481 746
657 815
606 346
666 535
563 132
443 658
245 226
464 919
47 28
451 895
378 965
363 155
113 432
300 648
691 105
286 847
72 759
913 999
715 351
888 633
406 100
101 884
726 573
340 488
474 806
734 216
336 843
324 477
525 35
325 13
110 877
701 866
225 169
387 742
439 635
504 96
322 977
306 490
35 184
453 361
241 851
862 719
447 655
250 703
586 821
490 238
2 834
975 357
653 417
580 186
567 709
964 25
562 273
163 826
721 772
160 532
343 61
113 724
740 990
917 254
77 113
944 180
966 869
772 906
275 434
263 157
238 47
480 867
359 809
186 573
761 883
423 824
559 340
364 784
56 33
311 827
312 907
41 307
167 311
481 532
557 747
51 358
930 575
934 31
972 166
4 80
422 195
596 522
613 724
834 131
598 104
963 573
529 233
94 219
704 849
633 523
190 718
265 533
677 216
344 977
844 383
403 899
575 761
704 294
795 733
601 86
487 137
930 880
400 139
364 212
538 417
4 261
718 551
246 208
639 283
508 783
240 857
743 297
200 592
322 787
16 458
148 703
667 877
782 590
767 52
496 593
297 576
942 144
637 520
193 663
236 595
257 242
766 275
188 942
615 81
603 521
969 167
440 595
441 510
729 871
1 102
572 763
901 987
975 750
711 948
286 1
180 524
901 620
314 342
323 28
146 639
642 920
916 111
609 747
424 869
756 366
684 3
975 524
467 969
104 909
530 665
380 74
906 458
589 186
773 307
828 802
453 931
238 203
958 192
831 82
100 40
119 220
11 994
130 813
898 963
303 378
492 321
610 636
972 123
847 889
460 295
347 586
284 85
692 74
911 1000
381 803
863 483
668 243
860 882
826 771
886 179
179 334
96 117
308 625
4 902
775 711
466 190
615 544
18 48
72 133
142 504
164 144
535 355
41 235
361 428
481 508
47 325
106 899
982 608
607 285
888 689
447 912
411 390
892 853
552 136
166 684
408 384
689 785
690 42
448 897
605 790
782 554
233 318
505 577
795 847
239 496
956 736
640 635
257 79
504 374
103 438
5 380
571 96
883 178
340 843
242 719
20 73
643 861
115 461
522 311
217 823
281 611
375 903
289 952
312 263
974 313
977 107
749 471
753 460
94 708
690 803
604 957
940 105
950 721
669 119
982 230
643 836
769 513
609 834
498 899
762 596
925 414
138 624
125 736
630 583
83 896
66 206
397 374
805 329
588 79
130 595
994 274
922 567
351 243
136 480
249 345
875 509
468 957
509 862
848 947
667 489
575 672
75 162
562 705
445 475
874 703
691 415
322 518
895 834
142 293
798 129
408 847
974 440
409 442
562 336
153 831
50 444
838 429
883 820
636 346
823 392
477 933
365 646
222 785
207 103
852 104
250 454
879 913
2 93
684 609
866 796
280 679
120 934
338 165
344 558
112 570
679 906
131 752
559 720
31 107
72 152
658 643
186 128
656 548
686 570
931 38
901 898
48 378
564 844
569 562
988 956
475 19
558 378
963 230
157 291
216 865
713 499
447 775
220 709
242 909
812 1
906 74
215 962
417 15
533 425
4 569
77 655
355 711
986 431
385 602
908 816
542 72
711 563
15 456
950 701
4 863
392 185
838 946
674 819
656 842
774 884
470 255
420 751
273 593
423 996
907 987
32 511
198 428
949 364
751 688
61 892
709 816
502 982
602 384
565 316
821 930
536 558
166 217
648 168
596 921
30 824
722 428
400 273
255 236
700 644
94 143
244 568
999 952
156 886
94 30
352 745
781 214
31 523
162 870
804 265
879 219
827 632
322 780
805 161
378 560
331 550
460 898
201 54
185 665
921 269
248 247
501 609
513 427
989 166
866 659
225 281
188 907
619 425
512 621
332 437
716 977
811 731
151 379
261 566
903 139
228 575
845 649
381 7
920 369
346 72
506 808
534 284
816 17
543 454
410 718
216 893
198 957
125 243
609 718
15 118
225 709
462 666
484 118
324 671
369 306
223 427
498 150
831 168
737 44
835 45
366 683
21 522
760 556
284 428
639 992
26 791
248 923
946 740
580 430
574 996
539 607
624 613
91 632
165 209
701 511
687 700
448 331
580 395
126 894
821 902
351 203
136 440
190 719
110 693
303 52
53 605
89 222
658 244
967 386
491 77
350 384
135 556
765 11
218 830
737 774
719 402
207 174
688 514
891 541
729 426
219 756
953 351
225 91
481 177
724 107
452 854
110 782
201 210
257 832
849 750
794 25
410 366
783 931
272 259
150 356
618 180
515 366
76 648
441 509
59 954
496 880
67 343
656 296
834 253
570 290
73 714
664 803
133 608
150 582
90 911
328 792
590 976
955 341
205 78
252 175
751 199
665 296
205 223
647 392
797 315
640 122
768 47
702 488
849 84
760 729
651 858
317 103
7 494
780 702
494 485
55 914
371 553
281 849
470 431
751 778
347 35
256 401
938 149
132 236
613 789
584 741
894 457
877 928
732 508
522 807
869 716
397 337
347 6
458 321
613 618
657 869
861 733
329 500
943 89
152 879
317 139
447 452
431 135
855 459
239 974
267 802
550 764
363 98
454 447
292 430
773 569
231 171
268 439
128 738
629 500
888 690
795 398
686 510
175 480
549 147
770 192
650 826
758 779
390 753
736 764
323 558
231 905
340 84
371 314
687 490
121 295
114 150
586 251
725 145
440 897
154 847
673 725
620 974
159 210
287 937
290 159
813 81
906 16
163 868
680 410
148 144
422 531
798 2
334 255
814 709
871 940
765 169
968 149
343 790
462 675
859 989
94 826
811 190
815 894
674 74
802 119
968 883
878 218
897 425
458 673
114 63
150 831
599 193
637 177
768 186
367 809
122 901
912 981
711 479
693 112
335 234
251 813
169 972
42 66
795 512
7 640
4 744
4 922
598 38
17 273
517 68
557 835
139 770
985 76
144 924
507 912
774 827
184 493
139 659
135 283
5 530
652 467
853 446
982 530
931 540
326 86
843 376
23 82
425 679
806 429
107 69
202 467
529 168
33 839
495 923
442 277
248 220
620 780
253 853
419 63
462 195
836 820
513 511
162 263
219 986
491 593
2 892
446 44
281 179
340 906
215 270
401 982
54 904
116 241
817 178
512 672
336 316
104 808
357 90
423 386
384 435
105 561
189 881
500 630
428 507
176 356
342 337
841 534
988 707
494 312
962 290
125 816
371 624
962 341
815 454
30 381
214 14
504 167
209 398
865 909
17 723
130 786
422 74
833 337
104 371
209 531
285 962
308 357
557 790
173 865
959 902
259 280
695 904
644 174
312 719
23 291
170 277
777 267
562 531
264 338
952 799
312 702
481 345
249 229
925 564
819 49
507 557
730 966
273 181
773 736
558 910
960 489
16 337
967 302
550 274
3 109
10 819
35 348
771 80
244 846
481 148
69 101
491 799
345 328
331 694
721 467
995 12
625 654
24 649
903 373
157 627
853 918
128 871
491 573
366 571
629 895
410 557
943 645
840 186
767 961
626 727
745 227
543 48
266 172
158 982
197 628
733 834
241 524
936 764
591 292
299 172
640 224
253 445
552 556
2 533
758 694
629 514
855 64
379 267
949 139
897 352
807 277
149 467
388 893
47 446
708 806
926 245
273 555
54 464
186 584
613 111
256 821
214 42
146 330
130 839
987 336
60 644
761 881
388 147
299 360
906 464
553 336
180 29
666 247
264 16
7 712
80 281
677 484
643 556
381 797
402 130
868 273
377 346
210 984
678 146
291 646
795 191
829 410
98 132
26 601
152 788
869 905
291 535
239 949
496 471
278 371
635 324
908 926
79 675
838 347
308 526
149 526
187 695
60 191
351 1000
246 214
965 876
322 766
487 24
877 400
491 221
697 986
494 928
135 956
136 614
780 311
283 713
54 564
701 787
644 968
482 619
947 399
767 54
861 45
404 914
319 231
283 535
675 313
34 403
510 180
3 500
617 746
752 976
594 202
666 207
577 952
283 821
43 140
975 744
45 275
586 521
126 432
572 612
497 902
849 169
686 484
343 195
55 719
801 662
650 445
635 617
876 174
584 441
91 155
935 396
882 438
781 998
928 422
391 606
457 512
590 354
761 924
100 42
446 58
928 277
941 545
825 147
403 485
223 172
285 793
75 493
293 318
26 255
26 667
192 655
728 497
534 575
855 936
803 576
739 211
613 758
550 233
218 982
353 493
884 747
457 287
165 982
536 662
520 59
886 32
959 700
339 799
123 692
326 107
723 901
616 595
870 898
691 163
403 895
957 316
460 884
585 885
268 7
748 656
179 996
643 85
3 306
117 175
81 726
244 134
135 817
136 913
357 609
987 726
775 737
558 19
823 280
260 611
908 454
470 691
440 898
556 464
352 222
595 10
776 848
941 10
232 612
489 91
417 406
878 796
475 152
591 254
152 165
343 385
42 636
116 781
79 443
263 192
858 506
675 128
949 801
665 410
523 84
997 21
263 337
466 607
346 850
327 546
94 734
94 827
609 757
848 331
228 165
821 392
860 418
807 229
313 161
846 885
712 377
525 787
971 484
509 573
313 274
820 145
995 490
579 235
411 877
303 427
754 998
803 915
705 641
963 729
351 34
839 314
109 25
844 76
591 961
939 352
479 443
320 464
423 728
768 465
633 592
868 297
523 766
784 574
195 897
574 159
353 265
960 287
725 17
501 444
506 217
917 879
420 137
222 245
204 544
813 974
631 843
335 318
886 971
736 677
398 576
93 376
133 289
993 330
978 542
438 940
224 376
757 130
541 641
466 477
158 575
48 829
272 174
550 721
24 575
975 108
102 200
512 788
14 946
988 233
914 644
20 555
311 116
684 754
296 691
499 460
686 96
10 449
597 523
859 636
948 987
718 305
67 641
510 351
704 510
75 43
958 713
54 516
413 806
181 314
493 504
892 402
77 249
133 679
850 955
530 829
979 814
881 599
343 496
132 609
975 593
246 835
392 462
138 222
671 328
674 256
595 180
401 640
863 976
39 146
96 588
849 2
590 947
580 160
143 144
55 932
494 252
578 755
764 234
929 27
124 137
518 471
920 834
540 699
155 735
707 410
893 443
640 321
734 609
330 619
397 24
338 910
209 542
902 496
354 58
5 450
605 893
507 974
164 613
535 598
386 683
867 62
316 808
136 414
571 802
917 786
148 911
834 348
122 90
711 6
624 936
400 162
239 769
735 908
342 603
529 123
69 322
658 801
831 284
944 958
577 256
300 937
766 716
917 726
592 749
79 63
615 985
762 383
192 153
906 78
604 366
180 642
770 56
223 513
993 161
634 693
926 687
709 37
804 207
148 363
900 826
750 930
840 124
848 758
870 459
203 762
737 390
224 831
617 952
52 415
161 194
698 27
684 26
794 630
445 522
622 442
949 138
366 116
521 435
609 562
121 907
531 742
380 144
436 98
646 245
635 938
941 935
303 498
825 118
510 902
441 893
647 725
264 898
198 639
678 821
769 591
701 396
498 969
340 253
545 224
549 552
305 923
972 161
958 404
304 957
891 979
468 896
549 697
640 587
38 438
477 718
23 326
498 683
190 717
526 107
661 924
259 52
922 668
587 216
422 392
173 503
528 650
526 389
401 469
417 845
625 510
483 518
655 879
633 987
877 843
110 925
97 22
415 108
695 665
3 358
98 696
872 795
135 861
926 632
620 853
767 12
288 896
846 307
944 279
429 465
430 986
694 359
384 254
202 605
286 422
349 666
461 960
873 256
690 758
286 245
733 820
861 383
510 407
777 714
975 747
887 297
976 934
941 344
232 182
72 819
589 294
258 876
902 77
780 553
711 727
124 467
291 19
16 710
471 382
73 955
242 34
869 391
962 363
800 626
194 129
391 601
547 671
204 490
612 511
321 258
801 24
307 979
345 132
614 367
916 319
630 719
997 637
942 827
781 711
982 72
665 229
911 68
168 459
302 581
969 968
346 649
38 67
994 269
669 803
212 306
855 536
532 621
238 522
904 972
585 649
639 474
415 524
865 393
421 443
776 134
26 301
10 918
377 87
363 462
183 657
679 556
122 853
317 875
252 573
14 693
454 460
862 473
455 541
95 458
90 577
969 405
899 510
353 936
45 946
118 744
469 882
438 227
576 384
450 697
483 982
687 500
15 799
862 650
538 68
153 482
817 59
716 783
897 995
699 59
710 729
141 722
73 740
36 504
438 444
276 79
152 213
29 657
376 947
733 831
443 410
405 926
155 807
651 922
689 291
438 453
544 501
479 998
996 220
209 134
470 239
545 477
368 76
622 221
968 964
242 791
316 688
315 879
651 713
69 920
986 232
215 654
116 780
478 943
616 101
654 969
462 797
687 983
165 262
740 398
338 826
818 624
981 932
786 210
951 780
806 17
144 926
507 914
227 307
434 75
454 14
335 313
528 579
691 17
340 97
809 190
260 610
763 419
265 780
692 621
568 691
678 392
738 255
956 42
157 843
804 502
310 363
771 135
956 153
279 420
680 841
931 973
514 191
71 710
221 245
149 904
742 313
837 27
324 320
979 538
360 971
477 412
300 123
824 773
896 402
533 867
534 388
846 410
300 10
871 893
906 29
42 593
85 626
114 770
500 705
140 562
751 136
717 296
55 641
392 463
747 721
822 173
881 551
493 281
938 422
665 742
703 890
389 494
753 493
327 662
552 848
169 524
976 140
547 808
81 296
686 767
195 288
986 93
569 352
901 468
284 506
446 870
878 470
789 590
420 746
687 722
194 491
69 781
587 320
102 826
511 696
994 322
912 721
113 330
958 328
467 431
967 517
160 261
922 697
398 256
193 323
195 781
731 975
970 141
754 548
331 509
493 126
939 762
762 43
288 552
11 584
876 230
309 867
914 455
386 335
300 938
743 150
690 30
196 747
732 933
418 701
679 986
889 134
585 157
202 727
991 981
887 772
665 134
793 121
154 901
874 116
675 125
180 901
359 880
326 655
565 5
850 13
488 359
301 835
233 21
716 934
367 70
727 741
320 959
45 446
698 24
864 768
872 267
472 665
694 964
698 395
422 315
224 542
711 643
103 170
219 277
493 142
55 907
668 598
238 820
670 252
963 882
161 412
161 285
311 902
441 892
886 542
263 719
51 509
436 129
644 366
113 20
131 437
994 759
846 588
189 343
144 568
365 374
763 47
161 623
861 758
643 447
425 946
387 10
509 69
213 804
288 453
363 123
951 538
808 284
348 717
455 683
755 661
294 751
767 784
338 326
945 502
908 254
106 826
240 684
847 507
499 361
300 910
358 156
383 315
735 534
496 917
408 471
415 252
662 23
223 433
73 382
306 721
331 946
408 245
951 252
699 143
962 727
270 654
166 215
399 302
84 287
759 932
890 949
485 171
474 412
937 796
205 220
81 86
155 971
600 790
214 362
367 503
458 648
670 73
301 730
530 548
731 429
346 965
539 798
596 997
298 96
228 481
125 615
267 454
246 709
266 76
216 408
514 963
949 304
545 702
503 351
472 177
843 994
648 148
445 66
195 935
260 873
490 363
179 91
491 413
65 320
446 967
909 469
32 887
329 219
257 534
535 383
629 320
226 181
254 287
491 187
314 720
387 260
192 252
563 927
288 719
163 301
23 809
609 222
990 461
352 97
872 888
27 603
954 258
58 319
385 5
779 373
310 89
846 447
738 540
443 376
327 529
637 266
709 141
234 303
107 567
879 317
484 299
487 928
470 173
897 140
238 286
208 285
100 283
216 824
384 872
683 268
591 399
647 489
264 750
561 872
285 40
472 593
163 724
947 544
986 70
181 920
589 43
94 603
755 319
333 749
9 15
392 129
199 260
825 173
274 221
458 398
504 141
278 99
125 764
844 78
131 397
247 137
235 705
131 282
647 962
227 421
76 469
341 437
142 190
491 488
442 732
60 259
813 955
124 93
597 100
728 237
411 171
451 11
990 109
645 446
908 928
620 474
947 186
473 519
24 867
60 97
631 762
342 33
344 788
642 327
715 263
148 652
719 343
775 545
174 88
965 947
213 574
632 536
633 3
410 306
103 99
534 187
150 176
197 891
771 932
81 978
408 190
119 830
49 188
236 806
187 497
614 87
484 376
637 302
784 440
819 100
755 991
827 506
812 110
167 639
240 555
654 909
343 20
169 987
607 983
924 711
673 833
405 469
68 797
699 917
370 37
890 860
15 423
808 967
630 874
406 864
901 117
284 324
285 189
531 829
790 986
797 2
583 753
506 327
287 17
256 604
350 876
617 431
503 150
765 639
252 662
878 326
592 219
575 482
908 663
765 976
186 228
147 659
921 804
723 752
995 119
584 686
174 696
838 739
52 796
861 514
697 737
239 914
421 481
762 953
250 149
431 184
342 621
830 918
282 136
563 57
467 140
587 143
770 869
310 104
773 638
577 405
724 492
562 451
357 709
49 284
87 542
865 146
211 679
814 576
746 759
233 472
162 580
89 604
805 549
97 121
387 749
180 864
474 581
205 755
271 520
278 769
7 445
728 692
180 791
163 195
21 225
888 58
399 420
20 815
172 34
444 863
26 593
488 855
343 75
608 56
58 201
242 858
573 758
345 686
752 915
327 599
475 992
205 55
9 276
462 670
889 690
194 776
855 93
488 117
876 984
346 519
189 515
545 299
194 187
584 495
768 246
169 623
117 801
741 167
122 585
394 440
252 468
569 14
60 647
976 504
830 487
522 956
768 831
731 366
352 845
739 811
557 742
389 884
319 759
142 84
331 45
994 359
155 475
502 54
516 993
820 479
839 397
273 116
290 842
865 754
525 594
636 903
970 351
143 731
511 957
277 725
278 374
887 310
544 152
709 562
841 458
752 27
218 651
628 902
887 679
815 58
122 495
50 64
390 310
507 699
364 352
718 691
115 666
779 541
853 740
840 541
269 819
418 623
890 43
846 182
314 684
150 30
652 244
396 442
35 202
314 799
22 452
280 739
542 671
747 207
969 217
642 81
612 839
393 533
220 500
521 785
561 16
600 586
124 664
436 524
42 680
167 684
578 885
7 71
979 750
234 347
453 763
183 390
680 39
727 197
345 639
355 839
552 523
898 523
707 169
47 712
48 282
157 152
379 296
507 479
716 681
418 356
837 519
544 538
12 780
73 778
368 662
441 814
759 691
133 32
299 312
342 126
952 414
242 258
796 279
29 352
325 729
507 170
293 315
759 408
621 407
751 756
517 108
992 923
219 368
133 339
887 500
321 979
743 331
967 60
98 167
226 80
908 558
340 216
51 103
142 338
917 840
294 697
297 235
156 610
209 919
583 253
749 277
217 444
291 901
990 1
381 636
253 619
589 977
326 249
678 354
936 93
3 166
44 586
787 299
197 100
768 134
240 713
22 113
151 343
689 788
393 153
232 841
858 901
179 534
789 465
239 398
906 579
335 155
875 894
348 22
7 389
923 516
284 782
671 930
999 273
951 82
632 8
760 61
297 833
559 537
780 794
508 323
755 962
93 759
258 556
43 462
390 49
998 346
301 906
285 261
747 614
328 824
674 816
464 168
51 888
930 77
392 95
698 465
579 462
178 382
211 850
394 286
680 183
380 107
509 585
4 721
167 7
575 154
78 486
885 798
63 118
214 230
731 392
659 343
56 128
61 625
722 589
25 651
299 292
53 272
891 206
873 975
105 597
416 24
630 553
868 246
373 560
669 995
378 358
611 282
237 481
369 169
740 392
317 457
264 43
839 452
645 155
4 21
260 191
65 1
14 458
53 608
259 724
356 487
977 724
783 434
472 428
36 789
535 301
22 832
10 904
572 278
205 795
995 649
477 400
128 846
399 911
143 817
899 79
608 721
194 742
684 606
97 92
571 151
79 36
960 222
796 588
926 551
490 101
628 259
361 111
462 199
923 627
698 945
957 912
120 137
823 93
56 753
864 24
901 909
864 18
729 930
566 705
873 481
24 510
777 512
23 752
617 961
758 260
466 943
216 870
158 9
710 586
15 640
642 938
3 892
450 712
483 432
600 800
358 624
365 466
949 179
987 96
988 735
646 125
759 540
134 161
321 430
394 306
532 124
608 490
864 580
459 280
497 173
56 352
183 372
938 198
542 476
981 868
133 591
843 6
881 400
330 662
233 8
795 992
389 799
670 416
32 500
51 272
791 596
95 59
862 683
522 763
389 928
1000 689
657 912
753 47
790 660
477 743
938 907
658 122
697 736
184 397
666 529
60 288
170 672
31 609
839 206
696 296
809 15
299 861
804 310
364 381
221 388
403 843
486 808
143 619
329 99
629 424
44 530
944 512
905 798
49 364
879 944
934 659
743 225
529 811
804 123
904 785
112 603
735 589
741 823
746 918
514 48
145 947
111 760
846 325
757 310
461 985
872 960
983 948
620 530
470 617
220 384
298 566
560 813
390 110
798 379
966 957
271 665
402 536
2 638
369 762
312 341
96 508
632 286
688 208
944 170
342 369
380 60
586 755
751 31
185 58
901 276
997 187
581 572
526 374
623 871
950 739
792 253
332 14
705 556
512 406
342 441
964 475
894 924
604 772
688 397
235 618
995 180
413 460
82 775
692 124
566 605
422 197
30 910
971 28
353 453
260 887
8 232
725 101
302 270
964 927
697 764
601 570
317 211
212 511
880 33
511 13
594 526
221 488
224 436
738 194
278 965
917 646
371 549
704 125
468 406
124 836
567 970
63 443
552 33
183 989
560 540
797 833
282 318
672 906
582 141
606 916
179 682
419 251
194 681
176 996
133 927
289 731
253 138
628 490
77 348
666 203
44 171
580 373
729 873
604 403
842 520
441 369
738 745
376 922
841 752
290 86
976 921
315 521
119 519
413 156
72 258
399 345
789 993
11 353
108 650
807 253
483 345
856 797
747 808
640 494
8 328
190 80
281 852
303 403
103 989
75 272
475 538
424 536
901 42
479 50
597 507
924 861
467 666
393 259
657 574
105 521
252 551
132 120
960 617
265 345
484 683
9 929
217 112
36 540
683 895
448 428
104 478
381 942
865 541
910 165
163 909
878 601
683 541
170 632
173 583
501 74
698 841
175 137
857 802
165 931
114 781
961 780
123 569
325 173
643 200
331 532
776 487
596 232
961 957
212 241
947 382
453 9
59 142
728 847
710 931
359 211
326 920
168 822
577 638
247 870
140 852
698 922
201 322
272 499
148 302
423 340
22 928
85 853
91 231
619 261
712 929
231 763
127 570
292 589
479 717
280 13
797 760
963 240
581 833
820 655
335 910
673 619
450 372
363 957
822 196
716 639
509 727
919 954
725 903
871 649
983 51
731 26
159 541
843 580
54 493
448 493
190 253
946 839
323 284
731 395
324 611
399 83
756 622
206 587
1000 440
72 403
424 756
778 731
812 820
265 484
928 164
990 678
133 293
317 456
180 535
342 869
889 537
199 36
388 373
361 889
105 10
700 766
38 509
187 533
909 764
999 914
50 295
79 656
409 444
142 478
37 140
439 360
667 13
390 948
706 557
410 30
35 423
400 88
148 654
130 401
577 312
769 565
698 26
895 48
715 662
475 429
40 414
538 133
153 161
50 875
457 680
948 816
128 993
718 394
439 191
150 182
745 488
852 340
945 30
491 596
720 794
439 812
814 776
629 327
419 256
276 145
223 782
980 615
361 241
345 660
565 810
457 392
67 148
832 598
228 871
29 882
638 942
16 611
751 149
453 690
845 240
774 180
208 251
872 274
301 638
167 85
229 236
802 404
355 444
630 960
931 801
760 534
462 930
416 182
74 958
631 723
591 643
559 54
156 136
459 121
868 235
928 192
30 512
824 17
181 668
99 63
800 10
492 22
906 330
795 769
703 392
705 629
801 400
341 343
936 361
84 175
191 757
787 978
14 546
978 623
148 819
115 640
577 363
705 350
282 57
609 962
537 517
22 79
45 870
633 16
12 113
269 670
862 295
594 961
634 334
83 60
491 931
917 323
923 606
710 387
469 920
185 637
3 556
111 872
345 140
132 803
205 467
927 156
968 67
396 980
56 637
189 831
742 149
779 157
727 291
996 256
392 494
724 759
122 872
640 148
548 549
290 277
919 994
980 538
336 59
707 92
347 349
544 623
262 742
726 347
730 918
103 215
688 398
483 26
782 328
731 352
878 497
256 570
386 617
994 754
568 67
235 640
200 839
630 385
464 588
412 292
889 934
44 947
80 636
515 443
231 479
493 608
615 565
156 848
639 435
785 96
23 32
27 933
671 628
641 929
849 966
671 517
748 504
273 438
476 219
831 963
524 809
27 707
654 412
857 528
354 139
150 143
7 274
335 129
585 190
201 165
310 449
116 16
12 379
876 634
932 292
331 951
262 247
524 158
963 390
159 152
452 129
825 617
129 162
578 883
941 451
360 352
894 509
555 577
3 806
206 803
689 315
301 565
472 713
215 19
253 348
988 785
937 769
177 632
108 932
404 305
760 735
262 819
30 303
949 912
52 227
163 650
575 241
703 12
906 366
377 942
171 285
327 488
242 256
481 984
264 930
322 232
216 411
215 145
143 490
221 918
94 412
591 1000
833 284
373 715
139 911
715 208
825 368
912 540
344 110
633 467
878 751
464 127
792 662
26 390
498 715
83 715
669 720
50 256
255 457
438 699
4 337
986 711
210 499
643 186
612 544
979 370
338 406
545 716
982 635
568 667
581 379
32 616
969 409
679 782
793 875
741 869
353 940
59 711
500 53
227 983
965 109
434 743
736 363
590 118
396 303
866 597
813 58
818 464
585 43
860 123
258 336
129 29
42 982
854 921
162 479
444 944
129 142
537 57
996 506
542 810
48 474
584 252
73 633
438 291
519 14
245 859
696 517
200 372
589 198
612 697
243 310
906 32
854 746
195 443
989 434
786 522
418 390
595 570
669 223
138 793
103 883
565 150
509 568
329 967
155 549
688 455
928 310
985 267
282 767
120 769
88 642
489 837
976 337
43 682
817 903
929 717
71 88
535 585
882 871
222 476
905 292
344 74
622 797
364 117
604 965
66 446
540 16
706 264
46 888
531 335
560 334
481 416
947 325
50 439
970 228
697 932
698 527
847 670
114 814
562 474
88 365
607 382
278 30
316 325
357 575
841 226
804 498
93 21
168 340
374 614
468 495
362 22
588 672
206 351
776 738
597 534
11 927
893 703
529 990
797 37
127 763
898 141
556 433
242 248
405 220
776 960
303 534
284 899
11 125
655 700
362 62
755 928
663 621
929 323
914 665
713 500
381 350
438 271
580 108
893 227
55 562
519 131
542 32
103 774
642 714
129 549
959 89
548 9
87 370
329 890
570 792
149 935
521 372
787 511
670 279
782 365
363 599
952 88
77 649
522 790
994 350
955 972
673 371
801 294
969 900
844 508
506 436
569 210
212 485
931 593
164 320
166 434
246 204
585 982
503 727
363 32
709 863
455 592
139 403
305 879
748 405
412 491
537 516
610 466
115 560
558 882
743 146
598 627
801 979
452 889
861 195
148 530
679 982
974 994
442 307
6 592
173 960
157 732
568 945
183 104
274 836
666 66
560 961
443 199
172 511
818 265
344 640
309 690
315 257
153 478
335 962
107 611
399 417
435 920
578 876
922 394
536 264
958 611
315 751
464 227
907 419
752 918
806 695
38 525
185 207
479 917
779 237
394 325
876 987
56 860
4 215
261 243
264 681
449 371
760 909
695 550
534 992
794 789
872 45
284 427
907 219
379 111
890 170
593 501
117 991
557 594
322 558
114 291
242 364
647 609
318 169
322 308
235 765
511 856
9 806
527 172
36 585
327 186
213 866
578 148
725 99
175 6
748 836
30 799
606 318
218 743
612 521
147 545
848 626
170 642
157 271
1000 589
93 266
795 10
245 127
887 672
412 634
328 799
331 618
648 312
995 707
463 89
357 742
374 652
588 847
179 910
767 60
126 140
257 857
684 544
555 858
837 78
197 175
25 933
936 785
629 172
791 397
315 444
465 367
514 528
741 691
278 659
357 186
709 149
641 413
237 660
737 308
93 381
774 339
707 908
301 931
641 14
471 23
698 73
76 613
232 187
492 757
450 135
225 795
459 452
717 424
314 449
583 163
836 462
603 461
307 568
768 38
623 6
232 927
23 141
716 315
119 212
265 125
359 837
394 603
143 68
937 435
226 666
9 96
423 248
674 877
62 255
950 926
411 528
131 290
725 406
539 350
408 972
304 813
835 731
350 546
74 395
219 469
844 667
294 700
687 959
505 13
178 93
510 194
364 304
148 773
187 745
904 815
562 311
981 463
801 697
827 953
978 711
649 637
634 421
482 918
178 447
36 33
143 847
709 454
14 984
20 541
974 986
116 454
733 113
755 681
757 379
261 742
872 907
798 407
28 931
641 328
914 956
440 631
170 558
927 198
1 315
88 188
291 288
310 204
96 344
573 714
450 451
72 465
954 979
242 865
890 981
335 728
85 693
211 998
89 970
417 123
200 373
147 334
189 727
959 471
925 195
673 810
546 24
530 757
142 727
860 440
613 80
225 887
462 580
507 109
218 232
341 177
882 986
42 77
668 265
355 30
462 870
925 406
799 196
847 805
919 616
49 808
564 121
201 629
772 993
248 696
355 252
891 926
801 394
985 483
388 262
191 723
729 88
936 286
297 196
211 263
598 394
31 543
568 713
397 161
75 971
314 513
350 323
286 343
771 591
685 415
381 801
248 227
727 725
428 202
932 415
900 559
44 335
107 745
920 494
629 868
941 104
113 166
193 960
158 850
811 523
111 854
918 824
833 972
671 16
450 436
305 415
346 325
58 49
665 463
168 657
423 459
965 291
686 439
31 806
727 281
258 958
685 773
337 927
589 233
464 38
945 553
530 729
103 769
203 899
760 536
100 25
156 979
225 528
807 20
898 784
901 479
425 302
688 484
925 457
599 150
582 960
987 161
942 884
998 784
251 253
604 703
8 96
139 982
621 92
549 655
492 16
790 683
937 165
526 145
557 143
621 237
106 712
607 121
94 119
944 854
531 362
236 412
421 444
356 773
919 167
748 406
552 185
143 790
37 319
684 942
169 502
376 453
283 659
956 186
315 34
797 890
637 635
34 390
107 324
336 610
180 787
842 384
61 219
202 547
166 974
427 714
559 621
428 33
399 416
557 124
595 185
922 395
7 95
485 33
72 410
305 777
203 752
918 951
928 691
176 168
552 531
744 315
228 148
726 520
33 386
821 345
822 130
751 24
141 341
76 288
385 525
198 855
532 19
200 540
46 191
989 772
612 449
170 188
833 532
34 671
276 954
609 785
423 819
762 549
63 280
873 900
822 940
195 656
416 67
604 748
143 400
536 884
142 88
270 13
398 198
181 766
540 324
800 40
29 442
947 939
843 74
277 489
208 579
248 752
32 241
51 15
848 627
135 663
988 892
490 740
843 168
514 299
301 403
881 372
571 546
193 588
50 207
876 199
469 759
59 138
308 811
75 608
41 912
999 27
272 426
672 542
412 793
893 628
749 992
24 637
187 27
930 569
45 985
749 881
571 369
690 40
277 6
614 305
599 583
103 308
343 261
269 610
37 646
186 64
595 228
832 754
756 81
404 110
577 802
228 938
840 44
15 596
953 275
542 223
275 763
665 391
370 135
376 524
512 286
821 268
551 919
453 648
627 85
719 621
100 499
176 291
394 358
589 177
21 709
538 593
389 33
74 869
402 940
864 527
415 11
378 479
312 961
204 119
298 252
446 396
530 451
97 686
702 93
703 236
961 453
195 541
554 92
442 850
598 141
363 316
790 595
973 743
317 131
819 193
195 827
278 714
113 486
166 360
944 798
203 69
14 97
675 926
933 474
438 552
844 747
47 785
465 910
652 438
361 589
568 669
588 736
831 912
978 708
230 281
156 596
686 90
608 713
737 939
496 551
261 963
136 920
340 664
129 369
737 4
594 903
387 553
448 521
124 986
175 718
779 429
107 268
1 191
131 556
997 683
48 254
174 402
637 874
543 96
453 586
989 392
58 26
519 507
43 450
206 914
820 650
626 617
183 486
134 148
831 266
542 187
745 77
381 297
399 190
186 297
315 903
502 519
160 964
821 401
398 322
756 762
578 742
928 473
217 774
612 409
425 305
479 130
726 129
618 630
454 580
916 729
590 496
773 48
42 74
743 966
6 414
393 750
264 47
490 907
640 666
606 469
336 310
716 141
700 522
972 231
973 570
79 639
207 554
796 21
462 282
105 917
145 510
791 899
101 959
799 628
835 839
724 469
965 813
128 710
787 665
13 249
260 767
709 296
582 46
32 630
128 629
145 681
934 619
956 151
963 157
698 287
581 238
897 807
239 430
25 412
758 926
335 891
173 108
361 468
287 996
573 523
194 748
693 710
215 262
107 633
626 683
292 541
851 262
935 291
525 761
822 389
534 265
77 242
315 709
209 58
430 758
272 752
862 789
663 988
619 94
252 6
824 472
94 214
828 780
817 485
49 530
506 622
694 877
682 941
904 511
100 26
800 688
143 14
492 476
482 326
320 533
228 422
29 179
207 744
652 939
928 195
450 795
161 724
915 447
458 318
866 921
123 422
381 994
610 940
312 727
166 214
155 99
754 463
942 710
191 758
912 501
108 80
218 688
899 241
169 492
340 387
566 945
718 856
314 546
114 848
248 290
26 357
315 223
917 672
944 516
283 658
175 416
107 438
129 264
990 511
370 732
23 876
287 75
898 252
455 769
719 84
827 837
779 291
376 164
568 802
992 126
41 742
850 116
871 782
76 748
497 513
243 37
577 130
138 411
523 422
654 963
732 487
932 737
243 210
336 272
155 884
870 349
564 728
746 199
396 934
203 576
834 674
487 884
271 955
423 204
328 140
293 544
884 39
132 354
633 195
560 365
815 687
321 319
764 116
578 496
173 812
549 721
252 695
644 251
601 130
32 131
805 264
476 658
664 624
773 810
759 209
981 215
688 523
549 819
818 598
773 699
886 220
830 11
312 20
849 938
938 653
903 653
762 73
239 659
884 48
505 337
469 758
236 679
607 432
334 300
151 334
799 354
430 771
838 140
205 513
405 463
23 880
141 453
344 751
589 667
550 611
228 629
46 322
486 133
989 306
223 818
704 398
409 806
343 501
384 100
628 101
760 917
674 581
462 400
341 660
879 404
347 111
58 246
646 799
774 224
632 207
261 307
985 993
638 997
694 11
54 362
807 360
66 316
727 177
711 716
85 736
986 509
807 249
955 586
355 774
985 643
509 529
717 204
954 104
209 445
229 946
693 99
106 603
9 674
899 764
38 152
752 839
337 529
854 30
454 1000
181 672
717 814
706 1
493 631
105 670
18 127
493 634
683 883
299 618
265 686
484 550
877 185
623 565
23 355
479 365
338 627
834 364
784 601
611 98
204 564
188 401
939 683
465 892
65 346
153 559
487 167
794 551
3 28
960 41
1000 826
72 569
914 502
828 80
520 769
424 76
562 388
533 517
45 612
746 712
372 564
14 990
241 896
577 626
818 380
547 262
902 108
414 371
287 3
715 972
58 313
82 67
634 756
599 618
871 193
653 398
880 668
195 467
495 221
244 467
216 992
12 489
329 241
766 539
643 847
833 919
793 474
724 596
313 554
663 204
628 232
525 950
478 274
15 728
16 650
50 69
612 676
134 190
561 866
678 571
310 927
39 119
939 45
578 743
265 14
677 753
532 212
440 36
78 538
725 741
472 885
604 550
146 394
157 950
95 957
139 407
523 520
489 842
883 679
460 381
557 809
427 358
754 435
30 955
844 475
703 400
778 569
231 403
134 912
717 564
206 550
152 852
796 133
501 734
490 682
108 109
524 575
282 190
840 892
759 665
18 660
666 728
922 856
1000 790
378 662
453 88
491 157
623 924
224 368
867 454
505 265
433 228
989 39
485 496
278 908
852 481
335 230
966 281
969 11
880 986
129 348
827 165
19 992
636 481
831 661
957 570
588 295
241 829
465 437
28 897
824 780
516 894
66 60
813 172
6 596
656 361
751 784
822 410
723 162
834 556
119 602
584 27
413 175
949 781
720 459
997 49
245 828
989 64
703 867
651 780
963 14
773 369
176 772
150 976
462 934
433 952
414 965
825 98
602 116
720 23
367 604
540 802
377 724
839 278
18 52
772 477
240 289
294 905
939 324
984 434
783 112
97 582
792 674
441 526
47 176
958 37
259 448
961 174
680 850
504 662
331 498
672 278
738 43
701 917
773 632
67 809
874 443
965 768
448 275
478 385
154 123
581 304
178 325
660 695
847 413
98 684
814 78
624 364
951 499
241 840
719 87
645 848
405 27
155 215
542 564
357 818
233 252
785 597
269 636
823 53
76 670
304 17
533 128
827 431
259 349
244 267
281 263
674 310
654 960
859 894
988 922
2 635
703 673
604 170
114 154
497 866
868 887
943 501
198 826
823 761
378 79
190 302
798 937
51 548
547 747
363 790
109 294
110 1
475 644
764 6
529 322
234 805
868 385
99 353
136 245
172 755
910 257
414 688
678 813
991 190
958 13
523 592
946 621
948 227
807 792
900 142
406 723
687 838
967 86
511 810
402 266
30 770
307 443
348 573
866 150
47 453
306 65
400 134
221 370
207 259
271 809
588 766
75 917
900 706
173 256
236 672
771 183
774 778
633 76
83 111
718 599
959 380
462 145
814 106
192 437
908 475
12 224
823 232
645 453
98 547
848 535
599 577
563 727
14 797
951 68
167 725
757 52
770 310
96 191
78 67
922 493
615 296
860 279
323 120
15 598
437 224
885 665
560 93
52 357
82 662
860 288
254 531
921 487
976 813
320 769
370 39
697 133
285 83
857 850
150 809
321 361
638 708
241 146
497 242
890 513
583 550
930 372
380 291
574 831
702 240
688 430
947 747
450 977
414 684
256 538
85 475
355 116
621 401
416 976
540 921
722 788
959 961
835 591
32 160
587 414
463 875
647 352
182 769
678 186
866 186
246 152
728 135
342 687
553 60
572 264
59 423
965 823
974 575
352 282
412 968
896 753
145 707
588 625
903 406
761 35
13 332
253 839
188 875
182 333
594 901
689 159
690 432
230 121
880 526
384 291
721 526
153 490
281 221
998 746
6 825
797 578
345 643
491 653
269 678
295 277
29 873
964 68
76 388
385 425
573 824
100 258
194 987
911 492
788 89
749 929
332 877
206 690
450 224
56 791
111 243
354 516
975 922
213 335
584 700
582 987
660 881
863 298
773 62
89 157
859 403
528 970
562 914
193 815
434 353
696 52
400 401
274 502
147 892
118 145
772 264
84 289
530 199
913 213
919 619
722 907
728 244
784 582
883 912
60 137
465 863
227 648
246 228
819 76
417 924
553 24
296 15
26 184
550 420
304 554
231 193
931 663
533 695
365 891
993 434
222 796
150 105
765 706
248 375
211 109
619 152
305 976
624 242
558 197
193 69
969 10
131 765
118 174
909 950
894 204
805 613
187 178
741 615
306 732
951 140
417 314
900 49
59 877
812 101
371 943
427 897
746 225
103 604
76 872
510 550
992 289
663 990
940 193
635 699
817 394
46 964
621 900
547 865
507 300
949 189
896 39
41 473
966 619
96 581
81 407
318 452
781 980
711 663
916 409
366 464
995 416
726 304
123 237
677 660
952 493
330 513
60 762
812 681
317 261
815 634
46 528
449 437
930 444
643 685
184 198
172 228
138 539
342 811
289 413
38 48
498 557
818 524
86 300
507 985
143 351
353 435
338 681
100 600
680 708
517 319
829 509
278 365
616 502
709 583
251 728
36 823
535 335
238 693
130 378
635 291
140 213
178 96
990 195
974 708
596 190
409 268
515 811
546 983
563 943
122 325
714 1
988 416
326 827
221 15
430 229
524 480
911 559
131 840
461 753
558 225
129 447
866 678
291 415
898 365
663 687
923 706
358 421
340 944
570 277
917 32
291 248
258 639
613 465
23 701
262 159
889 601
176 220
295 997
693 506
676 744
186 380
997 84
530 681
877 766
200 432
642 571
42 351
793 445
816 874
200 446
105 501
768 205
56 207
608 396
649 350
45 729
782 418
308 45
372 824
937 603
739 381
70 547
649 56
13 897
855 926
753 124
826 640
652 728
787 791
950 801
113 366
166 240
725 111
984 167
473 934
517 275
331 256
667 426
373 901
602 653
986 748
623 753
240 966
776 354
64 509
238 597
457 75
240 853
938 538
80 814
179 914
607 434
689 993
671 657
396 433
926 982
852 282
746 869
831 789
904 570
499 399
959 85
287 958
200 16
236 982
949 389
920 297
59 951
794 270
797 637
84 826
286 226
567 23
271 586
92 181
720 630
703 631
996 451
580 130
674 623
103 535
909 672
320 915
500 513
450 362
824 547
107 865
702 516
370 21
6 15
90 740
693 335
894 704
91 149
474 23
189 544
704 844
640 484
241 145
298 104
190 90
539 647
722 755
344 341
915 122
180 251
477 519
833 279
853 220
615 46
204 211
21 771
708 704
126 641
127 424
660 547
934 134
576 942
354 20
192 935
579 565
503 603
182 774
773 669
667 438
448 64
947 166
940 802
52 578
24 783
681 540
144 216
487 726
828 82
121 420
562 386
785 353
255 187
183 910
993 6
577 711
282 493
339 244
288 822
20 537
311 106
829 305
23 918
997 583
90 677
306 422
14 847
54 776
665 213
115 778
813 53
137 940
84 535
50 931
290 146
58 438
63 955
984 908
570 461
699 163
349 614
449 620
954 991
404 508
695 66
580 117
424 845
332 878
849 28
954 72
461 334
445 585
514 708
362 292
559 980
254 671
772 566
372 718
298 532
219 224
881 284
593 416
425 310
759 343
615 299
545 54
762 715
688 730
530 181
783 337
91 701
576 539
829 359
355 224
728 326
247 822
516 60
424 423
23 385
783 443
516 6
536 764
339 965
44 813
37 182
629 300
453 70
400 94
415 738
939 951
961 915
361 951
861 250
241 977
2 81
426 869
170 779
432 478
175 638
253 874
76 997
841 587
520 541
408 279
816 436
616 998
410 429
763 777
620 918
289 532
491 586
496 804
996 677
997 716
64 568
805 757
811 879
42 951
64 599
251 599
289 886
937 930
560 45
257 464
580 218
67 425
105 254
402 702
419 612
276 354
544 891
169 259
634 859
911 451
824 475
589 229
612 346
996 249
623 58
271 977
493 161
920 989
815 660
872 54
893 448
436 7
782 751
583 745
86 67
787 28
935 172
575 389
851 933
178 989
251 241
948 9
255 729
940 280
799 934
29 466
53 476
41 508
653 733
216 118
804 607
832 256
529 480
982 730
52 651
734 427
130 301
791 928
478 357
170 570
669 516
193 459
848 681
508 879
415 493
535 44
866 837
746 767
528 326
629 34
975 74
44 408
637 631
968 284
642 69
480 470
707 633
83 179
552 362
846 332
918 873
791 469
319 500
508 275
92 210
241 680
775 961
888 177
413 768
695 238
776 568
719 740
371 906
101 29
246 760
240 545
108 815
841 686
205 47
964 300
68 889
142 736
609 587
294 495
276 878
685 758
247 261
730 993
363 776
859 143
293 557
96 721
744 221
673 71
17 539
825 124
762 609
14 215
801 251
206 338
132 131
176 990
243 640
446 359
268 940
621 474
655 486
222 409
79 560
411 962
49 965
305 595
831 722
491 424
383 238
133 203
166 320
504 973
658 232
917 941
481 483
210 739
514 427
364 344
58 607
296 968
153 833
671 515
283 706
359 87
92 370
336 804
690 59
323 574
550 535
183 986
847 115
832 808
634 364
619 496
432 486
159 93
932 467
422 769
968 391
660 453
97 383
7 46
83 609
963 396
508 311
932 689
239 193
186 63
828 610
133 596
524 363
989 465
572 639
422 626
173 762
363 982
660 138
733 556
402 646
828 832
626 739
195 453
108 930
825 484
518 107
561 980
232 94
855 238
911 168
937 549
699 578
117 781
150 926
800 763
449 451
323 438
485 41
825 152
717 858
989 917
80 161
133 185
852 711
744 72
470 983
344 430
790 885
409 261
924 203
324 548
247 736
182 997
623 449
593 758
419 439
763 194
769 835
117 321
777 328
691 398
731 913
74 436
652 547
9 551
356 842
718 868
649 535
726 519
231 223
782 789
641 903
805 156
330 252
225 2
170 901
27 820
447 903
620 141
793 877
631 527
979 86
233 408
13 330
128 540
20 538
292 775
978 482
300 250
482 757
414 374
822 659
272 347
877 473
280 886
670 880
768 731
862 515
21 33
115 186
836 250
968 50
444 945
168 698
958 685
280 20
318 716
15 692
147 484
870 280
941 722
539 983
774 82
775 303
168 974
271 896
964 356
532 96
312 131
510 746
132 406
246 540
66 398
877 724
68 704
952 467
807 111
223 356
800 775
435 491
356 997
387 297
221 835
761 822
482 273
445 155
545 16
321 149
844 71
976 343
616 254
869 532
123 414
731 735
236 151
237 362
193 204
587 444
293 57
230 588
502 225
1 674
973 792
523 341
670 776
810 631
367 920
734 238
75 607
81 670
98 276
905 746
305 982
805 769
202 342
240 749
295 759
645 744
546 659
340 696
88 401
827 166
102 86
767 832
913 561
418 881
92 88
234 815
186 545
337 359
690 293
174 434
966 574
665 33
355 938
451 120
677 606
76 603
47 992
788 392
384 990
383 830
702 626
205 10
470 150
822 187
271 931
110 249
935 504
648 650
774 62
744 339
399 701
817 537
266 353
522 845
864 604
60 773
597 407
172 635
527 259
251 914
787 430
717 145
699 650
648 1000
811 84
929 897
865 771
644 339
39 378
687 574
464 712
416 112
381 781
259 295
740 340
961 385
264 207
583 782
679 315
347 818
518 639
577 209
522 626
248 729
849 521
195 870
184 405
409 496
446 565
142 274
515 788
19 581
204 639
649 990
799 596
50 85
65 159
514 452
308 941
683 747
922 929
928 27
842 88
109 711
827 996
844 958
357 605
609 172
202 330
483 907
525 422
874 344
837 84
125 322
822 680
148 399
900 926
206 189
980 428
286 373
145 939
847 188
444 737
842 480
909 553
71 962
276 410
14 321
634 922
817 202
772 858
898 397
37 975
920 237
392 518
641 85
738 831
479 915
100 452
797 572
474 49
94 766
833 638
744 335
800 609
225 517
319 792
268 798
621 648
659 151
644 449
991 358
475 566
1000 503
428 640
985 325
125 714
843 867
739 850
901 79
118 317
502 924
268 636
507 886
473 138
458 350
77 568
338 760
514 791
587 503
878 730
40 882
294 827
667 319
725 109
249 284
875 432
195 834
839 21
556 162
41 104
244 609
815 92
253 749
127 148
218 656
404 721
956 902
482 797
763 500
50 121
359 449
403 879
407 847
672 676
126 295
715 710
255 129
41 923
567 962
604 182
932 77
112 480
700 225
205 573
451 389
124 750
783 950
805 938
241 873
976 740
847 227
229 280
728 665
802 928
626 668
55 396
556 375
831 575
922 377
659 646
225 530
279 821
963 284
660 292
666 724
17 162
349 776
944 255
11 264
56 911
77 7
681 357
369 457
966 836
43 8
775 347
635 978
341 867
638 715
161 453
695 512
313 258
177 851
750 112
473 452
1000 229
706 234
191 374
711 383
126 933
329 645
916 689
459 6
721 431
960 921
688 560
899 70
473 230
983 140
277 798
574 28
995 41
472 215
237 278
221 689
151 170
563 346
969 727
877 326
182 772
607 109
773 667
446 973
987 919
58 472
143 951
27 902
946 80
213 959
14 640
403 119
74 151
900 673
741 797
509 349
652 258
771 148
610 404
338 179
871 31
374 541
638 510
822 737
900 967
505 595
351 730
776 860
844 791
395 102
343 292
381 81
951 165
632 17
650 656
262 202
154 963
985 402
988 942
437 348
9 90
208 279
280 132
890 991
11 308
604 877
72 294
312 277
220 614
265 161
256 300
111 252
459 375
886 690
595 707
815 754
835 208
431 645
378 324
498 802
82 933
319 848
165 442
901 118
8 507
597 423
804 839
622 970
841 728
425 214
498 516
2 900
377 685
696 55
471 859
313 617
1000 749
529 361
862 247
330 940
406 265
958 298
299 987
912 398
48 544
332 728
75 880
282 186
49 103
931 523
269 912
640 812
127 172
383 54
63 600
302 40
642 349
550 370
8 428
827 987
352 313
176 948
282 92
871 434
339 37
213 708
399 775
36 67
241 983
757 7
650 963
425 588
177 19
620 769
412 862
215 177
818 514
420 369
766 446
480 357
657 896
701 561
261 708
858 640
675 74
966 575
291 373
20 797
167 670
629 783
85 881
546 485
413 826
395 275
113 584
133 683
195 932
137 680
167 751
585 298
115 439
498 21
280 224
565 729
124 447
162 220
129 909
149 450
744 340
750 462
294 336
406 894
529 334
695 584
644 494
493 48
241 95
151 558
501 549
906 289
247 65
910 297
489 921
454 933
700 965
147 959
507 140
564 180
913 404
713 906
413 185
865 883
312 877
151 780
777 421
108 431
826 858
187 984
562 516
360 680
58 871
41 115
853 500
213 789
197 368
737 667
260 954
688 949
106 954
202 105
17 885
783 703
500 526
473 666
737 869
758 221
719 675
676 192
750 694
934 648
205 536
743 24
323 725
215 451
694 2
352 766
667 956
779 294
157 582
727 244
141 557
620 466
954 192
441 499
827 891
50 617
694 262
223 874
797 519
29 701
909 697
34 213
287 741
431 598
402 529
495 390
210 498
396 931
350 762
318 276
449 731
931 447
57 14
811 149
940 311
545 289
998 581
525 843
512 86
698 257
593 93
560 354
464 407
375 99
51 601
379 100
623 883
146 447
928 373
530 473
786 879
347 627
540 770
298 149
764 148
264 29
459 550
781 552
51 375
587 281
455 489
497 307
631 112
613 709
415 745
507 998
51 791
255 477
809 961
259 32
978 952
960 339
12 768
508 943
14 314
457 511
593 827
11 528
322 755
767 455
370 795
496 674
443 941
740 909
874 411
31 866
128 643
37 477
865 180
888 275
740 796
291 132
396 428
325 466
236 563
814 110
762 423
959 152
33 907
125 357
162 721
762 324
309 622
212 771
928 920
560 587
334 66
483 644
675 2
287 840
630 740
185 786
974 18
678 752
61 695
983 192
932 514
675 362
6 115
216 807
125 169
487 774
574 630
385 498
388 951
264 765
266 343
983 38
20 154
869 395
659 325
483 32
792 290
596 1000
925 26
533 926
527 491
38 236
403 353
581 124
636 223
454 892
60 387
286 280
477 43
640 547
458 194
317 157
9 724
49 999
37 14
499 96
238 641
369 630
463 228
100 738
938 618
524 743
942 370
690 251
130 386
477 121
906 653
942 477
670 972
465 427
201 111
724 157
852 458
804 85
326 913
93 954
774 645
166 814
595 424
408 318
179 495
197 140
382 392
438 110
352 235
923 542
858 685
806 56
96 224
208 490
7 12
67 289
968 52
492 818
812 125
923 828
530 970
675 143
289 984
632 240
25 966
816 983
778 553
271 841
807 267
367 240
993 673
836 297
200 459
560 347
191 183
161 480
698 313
441 848
228 392
29 169
612 22
117 912
99 445
963 708
503 135
753 168
274 99
574 942
27 313
912 737
765 961
568 3
326 279
164 630
184 268
922 518
868 478
28 133
505 208
682 342
161 556
724 618
862 244
95 239
562 752
28 308
1000 637
730 394
820 617
351 833
58 819
592 423
853 416
193 492
526 478
287 430
269 911
202 114
4 460
156 849
726 545
539 103
6 99
292 71
184 840
222 768
353 87
500 226
547 459
610 441
997 535
999 73
802 519
606 821
664 732
41 611
712 744
606 708
419 186
257 11
21 210
684 374
645 904
797 945
85 911
12 315
106 426
289 666
509 63
845 901
883 238
851 268
52 386
251 616
267 207
717 331
112 870
461 13
675 171
533 445
471 468
879 459
422 696
195 14
380 18
592 650
744 341
539 42
800 583
730 776
12 895
878 128
950 285
648 539
760 543
241 274
449 280
363 702
860 522
347 505
635 778
622 116
694 641
347 534
185 375
246 280
601 831
767 384
640 717
18 49
22 681
653 57
212 271
838 591
492 15
900 38
479 275
9 643
304 797
985 186
932 306
1 787
458 26
991 500
523 870
212 493
881 322
235 964
238 697
938 659
867 267
724 384
47 413
253 696
514 450
694 830
258 132
667 224
80 838
814 369
710 198
254 322
914 571
662 805
151 288
525 83
766 761
748 284
396 393
571 509
774 690
666 475
851 93
235 256
591 103
741 566
997 668
747 365
72 163
920 465
439 779
176 65
90 523
842 538
880 729
361 343
862 256
575 33
176 208
694 182
16 553
110 441
946 165
774 254
559 840
845 989
584 60
381 378
932 638
555 493
560 5
724 760
67 23
307 548
768 82
630 978
532 345
51 555
824 361
56 211
189 393
426 77
119 200
233 605
114 456
99 356
725 664
643 755
564 282
740 452
278 783
277 919
833 271
691 665
543 920
69 725
51 374
806 250
662 390
522 645
749 4
40 884
437 926
114 573
903 997
155 69
196 895
634 722
485 930
844 367
882 566
792 818
867 214
64 153
320 51
27 956
266 732
409 922
397 226
883 765
19 720
938 518
334 647
908 242
467 34
819 313
88 301
36 53
883 618
405 344
832 956
525 119
448 949
988 311
606 866
741 985
559 296
301 104
449 636
680 143
701 519
600 422
50 955
860 104
612 985
639 637
93 744
741 268
73 580
327 790
209 4
301 556
927 776
898 542
443 426
165 93
445 545
157 109
394 353
877 734
918 299
825 963
84 326
665 682
336 16
691 934
684 58
695 514
367 957
25 692
502 732
751 795
312 968
190 41
262 586
928 146
787 89
554 436
208 760
726 94
269 311
680 610
459 905
887 457
174 652
929 681
52 808
956 838
540 5
908 545
710 477
87 886
435 209
330 25
203 285
773 665
716 995
669 600
545 618
344 149
557 189
178 142
151 394
135 513
531 516
706 322
257 915
22 157
876 290
839 942
148 611
527 90
261 972
407 706
749 957
921 590
847 80
888 415
728 712
548 83
590 754
849 596
263 16
462 660
436 580
400 918
479 678
577 918
137 545
580 339
234 275
275 687
827 490
479 567
431 816
642 989
155 818
337 939
101 82
785 963
533 421
760 661
299 114
883 366
214 130
142 735
843 638
989 724
21 738
595 709
389 14
483 383
550 290
527 296
492 503
990 626
703 43
869 319
511 130
88 540
489 931
536 772
737 967
793 103
152 525
852 742
160 40
624 589
249 504
931 690
144 636
342 883
71 83
95 89
984 244
892 453
161 547
329 385
304 705
293 183
847 494
740 608
869 836
726 695
89 893
362 490
92 535
607 208
222 886
652 337
508 839
567 919
337 745
309 899
845 721
655 845
24 525
520 946
62 825
358 80
641 642
568 926
737 57
719 121
244 31
686 114
615 56
27 563
504 452
823 47
736 255
756 242
906 649
231 640
349 191
471 241
453 390
862 994
63 987
104 648
185 841
500 483
101 831
815 973
798 149
51 816
396 320
271 831
129 786
519 101
831 343
524 445
284 698
447 94
807 302
901 293
43 197
797 500
904 486
775 413
119 231
711 547
566 290
471 682
365 99
593 384
427 602
248 911
322 182
879 669
311 806
829 699
294 48
939 301
377 734
994 343
575 278
526 238
359 619
14 2
660 624
498 697
227 461
890 151
454 212
661 906
982 420
657 175
972 480
866 127
60 170
729 301
492 243
400 47
68 130
992 969
993 352
630 127
871 323
72 631
126 270
304 996
573 213
316 354
101 756
914 587
910 718
443 97
634 340
508 585
128 967
1 335
797 995
953 615
676 928
828 747
375 648
236 894
242 767
243 42
499 212
450 400
379 570
125 18
417 217
219 213
366 804
112 899
955 345
789 244
872 745
48 411
391 837
252 155
458 822
864 797
225 725
561 851
779 228
391 730
696 710
860 457
461 274
320 682
836 354
949 13
920 829
578 297
673 91
802 289
696 804
548 781
660 839
717 178
726 192
899 534
938 48
800 162
270 21
471 940
739 164
868 431
17 458
71 27
791 738
630 270
922 639
705 101
61 415
692 869
506 176
398 1000
75 173
170 651
796 203
175 939
469 413
363 118
952 953
930 25
995 893
157 996
965 861
973 861
948 557
606 65
911 438
586 21
895 797
988 385
776 581
620 820
468 441
804 51
359 610
884 833
644 933
304 213
707 238
508 621
257 193
702 973
41 698
794 408
101 458
943 569
733 149
331 929
940 977
281 372
764 525
124 684
793 209
944 99
263 205
243 299
931 383
944 242
894 378
817 456
121 960
87 239
642 536
313 150
265 27
198 797
432 516
289 141
716 300
863 687
830 316
299 308
191 226
329 825
972 21
646 338
743 986
890 634
262 587
449 112
274 125
429 671
265 326
86 254
454 882
761 173
278 460
975 55
672 7
982 292
674 621
143 658
916 914
920 980
317 155
672 118
892 529
674 732
632 478
71 140
700 348
38 351
187 627
761 346
248 387
487 220
307 266
793 599
761 263
173 461
835 992
838 449
253 639
608 594
884 647
597 806
33 843
822 629
335 254
782 867
50 890
144 507
647 661
241 953
78 855
573 398
150 161
903 285
260 667
638 332
856 924
888 15
634 767
29 577
362 986
348 153
315 320
888 126
543 104
675 32
180 578
517 131
272 637
720 599
370 336
101 192
46 579
31 277
915 638
476 949
963 138
360 469
983 87
234 562
146 592
994 566
132 217
544 963
318 466
502 543
323 376
859 90
881 646
366 62
422 380
569 793
673 146
527 299
510 889
704 988
51 403
751 875
470 475
643 695
860 727
76 70
751 687
277 974
174 574
116 8
499 995
933 819
373 806
925 655
98 95
703 494
406 24
374 960
148 979
137 936
174 907
47 507
95 399
580 877
526 335
514 367
244 399
870 914
562 419
497 945
839 909
951 375
185 652
44 433
192 324
211 480
689 211
895 394
510 108
921 177
614 358
409 965
176 968
250 681
791 684
278 737
747 272
718 179
354 187
594 133
190 781
402 552
628 164
295 311
78 189
261 483
500 727
529 647
842 710
936 671
119 448
465 217
450 175
252 231
768 72
702 449
538 622
371 723
635 558
964 324
561 979
830 856
971 544
845 455
579 39
963 900
765 272
159 311
234 712
809 558
78 633
227 129
246 751
605 940
735 313
498 762
407 498
246 286
651 624
327 59
296 405
955 966
115 11
759 84
715 8
247 864
854 200
914 117
971 108
776 110
541 306
523 779
602 256
360 683
475 899
577 70
407 65
106 534
221 359
403 998
460 717
640 779
917 517
809 132
173 277
653 11
340 506
589 909
933 363
884 767
923 269
488 648
250 491
141 328
576 780
650 994
577 642
215 476
185 537
112 599
972 694
706 857
305 208
345 803
841 998
448 14
466 959
841 611
918 564
245 598
410 573
16 924
426 286
827 420
461 94
577 861
689 443
195 206
436 684
458 932
794 726
745 124
484 144
327 586
437 6
646 954
741 456
176 304
394 331
732 285
605 490
220 553
702 509
579 114
450 34
582 891
507 447
768 195
53 835
733 741
256 279
845 491
424 921
759 357
639 915
986 3
181 803
795 555
982 63
622 22
218 344
540 797
613 881
732 566
682 58
260 212
815 378
564 58
911 791
826 893
795 405
886 165
692 558
412 686
606 292
743 629
744 557
306 120
677 71
870 183
329 297
292 443
761 302
870 632
634 464
416 172
494 944
995 717
409 242
560 644
925 778
533 745
532 924
280 577
548 746
296 747
466 39
984 664
88 559
715 984
405 56
228 637
524 2
201 291
572 790
370 474
854 904
566 961
396 540
91 348
219 131
58 15
132 778
684 463
541 127
883 534
340 833
418 151
517 761
489 282
388 116
275 371
574 629
985 538
124 482
489 683
290 332
399 210
256 324
617 108
649 275
833 606
21 956
464 487
800 641
820 844
752 650
336 161
895 765
674 793
472 865
894 932
18 341
844 258
310 725
259 581
811 400
137 161
714 685
894 823
772 269
576 646
77 583
977 569
763 104
982 458
626 480
460 416
521 22
445 84
636 841
284 214
916 915
973 670
260 863
913 115
199 858
717 665
469 432
731 773
40 112
518 869
425 698
524 738
887 670
236 206
640 676
41 874
151 501
836 547
728 940
48 837
5 307
349 444
187 449
280 605
373 310
858 918
589 806
366 673
577 586
638 333
853 773
316 869
537 484
206 249
444 566
607 719
893 769
552 295
673 694
756 15
480 258
284 946
506 782
233 78
15 514
291 356
456 235
542 785
379 485
953 310
147 491
37 899
426 350
869 202
342 346
513 942
381 288
826 159
440 462
224 613
647 479
280 311
52 347
753 498
954 827
426 112
65 976
179 321
545 494
194 244
454 546
237 178
692 130
647 765
9 57
82 929
48 529
341 244
786 803
881 487
790 955
653 182
209 546
949 358
933 929
790 810
22 640
242 426
565 310
113 351
354 67
815 306
485 108
311 531
387 35
652 621
503 765
472 441
957 398
9 582
408 882
970 235
257 709
594 687
45 741
27 870
340 487
73 228
400 84
723 798
151 281
727 894
432 325
361 673
487 417
128 590
76 908
239 433
593 988
488 587
875 275
989 193
81 972
262 283
358 432
1 3
292 518
223 882
684 256
578 799
206 68
295 81
671 26
430 652
694 169
200 189
437 176
519 470
764 933
158 122
34 60
570 90
627 103
479 954
870 313
543 365
343 155
221 408
752 774
360 65
470 26
454 767
901 436
8 701
617 383
200 633
347 506
792 285
242 236
299 383
782 376
380 354
271 253
890 435
803 780
539 498
151 776
133 269
151 889
230 914
982 365
285 755
179 112
238 717
131 245
297 157
373 938
356 696
742 942
737 671
293 169
611 162
23 16
356 783
361 611
647 327
145 354
588 722
37 340
899 9
938 545
619 236
585 940
931 696
1 419
560 670
814 231
139 285
876 356
715 686
310 326
130 248
956 332
760 309
483 910
641 636
749 899
897 794
236 602
898 245
466 211
470 523
654 624
922 366
101 293
671 105
286 137
606 566
992 486
265 395
885 613
278 637
485 87
638 103
401 818
758 835
590 970
927 785
849 205
688 205
697 392
135 322
769 619
593 925
778 466
545 293
134 386
165 471
20 369
117 819
268 795
860 745
826 425
773 238
888 339
688 442
199 194
39 356
829 711
846 607
481 569
9 962
558 684
344 495
821 867
125 694
91 586
991 55
934 157
728 831
812 825
412 687
126 767
52 710
917 838
937 24
222 18
231 854
316 179
465 783
373 910
139 714
125 463
869 752
508 939
472 369
36 850
454 65
370 900
5 131
540 194
378 871
914 395
196 452
61 338
945 487
909 132
32 600
362 179
753 514
771 191
594 518
576 5
103 72
250 524
72 996
571 282
311 31
137 808
249 716
324 154
141 508
955 40
873 359
908 418
233 192
750 991
822 312
110 638
422 906
129 120
760 47
429 338
713 351
551 683
133 606
836 244
444 881
922 513
837 742
254 904
462 341
944 244
638 786
677 994
402 640
994 870
189 712
372 578
156 439
450 148
342 430
608 304
609 617
705 618
647 267
885 780
9 179
531 786
135 413
846 921
225 977
137 87
284 386
855 853
364 720
765 584
894 820
186 490
437 733
222 349
565 209
490 925
478 122
904 109
817 992
658 36
142 173
236 56
678 35
818 862
758 401
308 582
92 927
627 806
421 427
577 13
226 213
528 599
877 466
546 698
572 256
758 127
80 882
139 583
934 430
315 616
13 98
168 213
712 530
810 703
574 258
687 279
572 34
231 955
917 286
408 258
373 422
908 503
840 261
400 678
901 759
811 644
866 617
450 143
228 530
998 106
102 63
417 421
58 433
228 993
512 726
287 808
254 853
111 948
662 300
711 901
103 560
886 430
96 450
228 199
64 864
12 704
324 690
254 567
137 401
251 799
125 826
18 404
505 385
312 137
756 716
995 396
582 717
321 333
587 630
693 78
90 437
237 66
129 759
177 903
808 647
539 489
830 56
613 648
635 64
873 731
312 709
995 72
298 504
282 997
47 167
801 391
472 11
71 221
894 569
934 165
810 527
614 841
406 258
759 144
83 755
874 682
786 484
516 13
831 13
779 596
122 454
287 426
462 928
19 668
774 936
477 40
887 637
662 797
849 890
580 766
323 623
231 78
573 319
940 742
667 806
64 273
67 594
747 244
88 407
705 393
885 366
562 131
814 21
713 53
337 759
280 763
917 419
654 834
73 295
127 636
155 722
663 752
723 349
485 50
286 61
396 549
57 283
613 310
426 416
707 817
128 58
185 733
333 463
299 195
233 521
402 712
812 387
885 851
552 489
47 662
713 706
522 842
494 141
904 489
647 339
123 229
164 801
863 737
169 909
811 74
668 497
635 782
742 550
377 626
605 938
821 157
934 404
938 91
649 4
562 808
484 641
412 422
238 781
118 346
388 18
610 515
939 460
265 749
605 765
752 159
118 100
374 402
586 282
588 892
518 915
887 720
264 418
835 813
31 996
531 484
92 758
329 156
784 952
602 979
268 533
481 186
500 194
373 380
158 520
782 582
876 357
275 812
764 707
752 38
927 476
729 637
966 370
42 880
59 50
991 965
14 58
859 683
197 832
496 839
318 940
570 755
141 697
552 736
400 637
737 292
223 849
865 746
996 471
909 692
590 971
42 549
376 846
341 631
750 653
966 830
515 480
94 849
773 442
685 862
51 204
872 379
891 457
48 365
696 713
180 346
402 812
629 641
798 918
930 246
843 571
772 757
315 822
360 205
276 587
8 297
869 372
764 398
911 115
56 53
717 768
352 860
955 887
152 584
854 123
826 963
442 837
613 704
970 320
552 635
222 384
776 12
190 738
183 391
344 14
386 783
320 55
247 612
143 533
531 403
914 377
218 666
737 622
956 924
669 476
339 898
321 659
359 511
420 65
334 651
182 714
784 932
641 557
59 368
482 633
947 481
362 195
515 659
914 682
609 194
554 709
996 774
210 911
619 489
68 369
305 97
16 220
568 857
883 396
96 106
594 809
799 138
34 272
508 479
716 788
456 98
828 650
847 158
68 23
949 938
452 246
628 111
827 605
738 763
693 437
968 108
876 781
521 764
557 230
780 587
858 359
270 521
276 154
78 362
6 7
582 714
15 383
753 468
163 552
578 665
940 272
764 204
157 26
142 886
623 123
327 334
167 225
117 790
396 102
30 683
677 596
356 2
424 518
481 37
734 558
313 486
94 689
338 839
874 917
310 914
854 135
602 420
143 366
536 970
482 102
336 879
51 199
969 584
588 559
645 313
718 714
834 354
874 695
691 407
801 619
398 971
809 32
163 319
28 633
35 552
562 422
761 200
101 855
304 519
601 311
657 5
827 949
130 415
690 27
757 188
226 308
580 667
303 680
362 148
993 30
611 987
682 836
59 13
442 255
119 949
135 176
211 438
261 817
2 871
186 248
775 864
536 247
33 539
385 134
279 742
564 836
560 627
358 357
750 619
1 86
557 185
870 384
584 233
675 178
306 787
972 624
609 682
457 645
857 61
775 151
523 70
229 105
431 941
789 791
42 652
560 449
46 800
17 954
270 404
626 894
717 21
460 2
722 429
986 86
620 836
405 752
549 634
162 748
937 411
954 539
901 112
354 383
817 801
970 663
694 553
42 192
706 123
308 259
100 941
673 403
507 933
917 780
934 218
682 387
700 919
652 623
299 977
182 762
97 786
313 845
274 544
597 854
286 727
988 469
606 28
918 392
26 48
62 850
598 608
57 844
571 468
791 235
657 259
719 69
201 632
910 905
932 274
827 44
261 718
471 50
637 333
672 831
305 314
604 442
567 38
932 353
206 74
552 439
266 167
267 194
713 278
200 191
681 816
385 275
426 417
869 155
592 348
360 421
181 185
751 496
397 881
569 288
552 946
661 240
864 996
7 930
820 919
731 116
346 26
772 530
534 977
39 13
612 465
134 291
564 412
86 1000
531 845
769 704
568 198
15 85
38 222
440 185
313 429
385 840
613 858
299 654
450 878
255 705
402 141
726 922
13 997
948 128
471 885
518 630
939 463
122 249
219 48
89 496
62 413
386 510
69 431
454 91
421 354
830 902
50 76
785 7
197 412
40 473
900 615
740 870
191 768
12 103
213 738
987 755
126 157
93 76
455 869
940 715
387 733
931 920
694 3
167 602
996 754
136 810
603 560
819 623
658 723
37 662
865 505
29 518
871 771
987 270
770 296
664 987
724 551
599 661
358 301
894 499
896 254
207 286
884 301
668 786
834 518
730 727
968 192
845 134
41 818
676 636
760 866
266 445
307 555
285 86
238 81
4 521
189 531
780 667
247 285
584 287
370 770
367 533
574 708
308 421
757 754
612 43
317 401
635 154
653 535
265 861
658 431
52 930
277 771
943 306
930 227
910 41
514 750
471 793
294 818
795 251
246 27
28 202
891 850
716 272
353 81
809 971
791 879
266 994
79 681
406 459
185 424
639 417
197 350
126 588
456 600
934 893
900 293
942 344
174 966
467 184
468 231
152 351
224 323
689 911
505 350
248 158
315 237
207 43
175 443
980 233
984 748
13 350
783 782
219 585
168 281
524 942
338 89
690 386
766 361
156 727
272 375
951 41
864 497
148 426
131 572
390 283
175 687
966 750
988 82
555 657
131 589
698 235
276 69
8 827
239 62
227 178
547 544
964 249
769 509
493 319
722 311
721 274
617 27
998 392
674 50
436 161
470 209
427 238
104 113
727 59
985 648
161 478
513 865
381 635
54 387
226 572
190 67
263 653
730 124
512 167
694 723
492 287
935 159
962 27
408 734
179 287
217 976
697 478
551 463
295 611
313 485
605 568
998 980
820 28
1000 760
998 935
107 748
973 667
723 696
670 645
766 894
515 261
865 415
493 566
903 853
580 998
292 906
101 507
752 55
311 302
849 899
593 793
957 472
705 359
120 705
5 453
381 790
71 430
511 167
101 679
376 410
839 933
365 798
791 198
704 168
79 80
601 856
796 632
139 295
486 114
880 937
827 146
707 680
300 242
637 567
728 717
893 685
286 293
591 90
774 526
956 485
336 550
157 520
214 731
936 905
3 594
353 521
282 896
873 765
181 307
608 1
326 708
475 26
560 228
763 947
641 101
860 367
297 734
138 41
410 588
545 370
382 6
475 681
773 258
43 514
43 109
973 379
703 86
206 602
268 989
489 410
566 458
588 150
591 813
8 482
597 416
134 614
378 374
251 236
769 901
493 871
866 387
29 656
860 161
725 460
502 991
640 662
473 203
610 924
353 429
495 55
83 516
377 295
503 419
434 86
715 123
148 968
683 985
960 354
43 582
1000 611
131 43
575 556
120 622
283 356
212 70
106 577
359 433
827 611
738 26
614 681
67 399
946 111
269 794
733 277
261 578
165 729
336 853
886 317
129 292
175 400
918 120
261 811
876 402
804 119
485 207
365 915
370 575
701 729
172 265
304 145
214 884
140 879
713 59
896 501
673 645
67 370
545 515
452 184
823 91
872 611
77 230
171 353
548 417
200 271
823 889
402 695
115 444
877 700
985 550
642 475
217 588
313 97
306 936
975 979
684 184
467 916
341 947
863 594
260 602
351 270
768 905
273 716
40 721
459 153
208 935
190 27
258 775
670 257
1000 775
695 758
720 2
294 53
260 109
808 613
591 950
958 495
482 444
264 247
672 212
468 895
199 599
570 767
934 116
259 444
351 194
498 690
778 960
526 98
909 298
72 619
251 470
410 177
496 479
459 805
264 469
230 608
13 198
396 210
913 56
473 961
645 385
443 809
300 630
494 172
37 337
404 692
740 912
771 68
855 150
102 264
64 383
160 879
374 604
163 101
295 608
79 185
215 329
989 290
854 864
619 301
290 211
276 418
149 156
189 991
105 48
214 626
340 809
205 85
315 765
155 832
564 684
450 284
107 895
845 133
993 626
831 374
826 606
29 984
964 277
233 805
129 994
969 58
849 83
673 237
216 624
124 73
454 734
290 663
789 703
104 719
260 291
781 895
764 25
731 448
290 518
113 937
186 983
285 769
712 719
130 962
221 898
593 368
960 541
8 442
191 427
143 276
401 157
571 994
365 501
847 913
958 282
576 660
862 182
795 107
559 242
192 964
725 230
471 911
369 732
546 926
302 248
54 617
736 624
221 504
792 566
832 3
913 838
113 350
607 420
558 152
383 516
983 661
505 718
896 671
466 35
225 430
879 597
970 659
82 678
3 488
428 107
836 888
512 606
949 519
971 979
110 637
352 181
595 243
484 338
384 112
923 809
94 233
858 498
452 263
572 624
4 241
280 176
890 963
696 632
388 958
963 34
87 234
470 214
860 426
494 744
426 152
357 352
788 258
359 767
759 325
122 634
398 397
679 4
574 810
521 190
95 250
227 221
321 128
44 888
322 251
364 866
477 541
739 886
756 824
218 427
570 708
847 964
942 791
796 6
805 823
359 686
341 431
89 446
327 140
45 556
99 245
209 885
278 291
961 867
897 158
288 499
731 793
518 857
758 114
562 297
357 699
744 530
199 628
576 801
831 903
5 971
615 812
562 440
46 25
509 321
461 247
990 272
480 73
76 472
124 888
857 637
456 418
28 336
536 868
745 508
712 755
898 184
371 190
962 871
998 105
219 882
689 375
58 444
728 65
984 918
273 351
646 868
43 305
320 783
372 387
583 770
169 926
605 389
11 520
42 763
940 208
686 532
980 817
636 631
108 872
567 275
755 243
191 47
85 552
727 105
677 788
369 493
958 775
155 598
707 5
165 465
958 150
480 817
156 180
930 177
553 568
605 475
367 588
298 197
192 576
149 496
260 25
709 822
680 580
296 333
294 1000
98 233
395 501
563 273
247 776
804 557
400 283
662 807
678 221
648 384
618 748
241 425
83 466
842 130
984 391
948 738
328 427
956 53
272 160
816 264
512 841
395 847
733 389
609 159
496 624
25 510
410 256
486 31
783 833
823 180
79 164
120 43
805 618
441 479
484 411
304 97
747 279
695 111
20 805
906 770
689 402
29 721
621 855
556 198
372 487
444 820
690 572
930 15
489 325
418 219
8 579
6 50
603 402
72 330
733 619
793 430
246 966
467 919
746 502
12 886
472 575
750 470
648 514
691 996
160 876
53 159
458 577
260 479
27 508
13 513
716 448
899 544
647 626
338 890
246 275
932 453
393 331
398 244
632 830
190 890
283 180
966 694
493 731
23 334
321 874
340 178
431 229
97 963
350 15
614 872
231 312
692 830
325 819
383 77
296 294
648 444
317 847
996 701
14 721
1 566
473 625
93 168
442 480
575 976
580 846
781 81
296 869
885 45
612 141
608 654
280 665
896 547
943 295
404 890
996 764
326 611
607 758
520 690
437 931
270 790
626 704
457 609
559 992
881 918
793 360
635 739
780 930
30 1
270 560
97 597
384 947
564 604
54 69
785 909
648 687
663 868
423 195
462 543
946 940
690 770
907 72
688 303
364 744
271 172
510 954
286 952
481 972
498 866
869 369
85 194
476 833
352 863
541 207
30 620
184 348
402 239
956 714
21 887
883 121
630 256
633 540
761 471
163 511
305 585
839 12
523 955
800 260
682 331
696 469
404 730
222 161
101 816
410 55
321 656
322 715
913 948
399 929
85 532
991 759
403 886
279 283
616 763
853 754
925 773
639 129
269 801
611 928
878 554
875 310
383 724
97 427
940 681
577 609
474 567
299 876
153 623
776 681
875 269
824 720
897 4
832 639
319 355
505 777
881 946
519 26
32 966
427 962
245 855
487 30
192 66
424 860
78 361
119 391
